v2.0 raw
30 f1 00 00 00 00
30 f3 01 00 00 00
40 31 0c 00 00 00
30 f3 02 00 00 00
40 31 08 00 00 00
30 f3 03 00 00 00
40 31 04 00 00 00
30 f3 04 00 00 00
40 31 00 00 00 00
30 f2 00 00 00 00
30 f3 05 00 00 00
40 32 1c 00 00 00
30 f3 06 00 00 00
40 32 18 00 00 00
30 f3 07 00 00 00
40 32 14 00 00 00
30 f3 08 00 00 00
40 32 10 00 00 00
30 f0 00 00 00 00
50 31 0c 00 00 00
50 62 1c 00 00 00
60 63
40 30 2c 00 00 00
50 31 08 00 00 00
50 62 18 00 00 00
60 63
40 30 28 00 00 00
50 31 04 00 00 00
50 62 14 00 00 00
60 63
40 30 24 00 00 00
50 31 00 00 00 00
50 62 10 00 00 00
60 63
40 30 20 00 00 00
00