v2.0 raw
30 f1 00 00 00 00
30 f3 01 00 00 00
40 31 00 00 00 00
30 f3 02 00 00 00
40 31 04 00 00 00
30 f3 03 00 00 00
40 31 08 00 00 00
30 f3 04 00 00 00
40 31 0c 00 00 00
30 f3 03 00 00 00
40 31 10 00 00 00
30 f3 02 00 00 00
40 31 14 00 00 00
30 f3 01 00 00 00
40 31 18 00 00 00
50 21 00 00 00 00
50 31 18 00 00 00
61 23
73 72 00 00 00
70 9f 00 00 00
50 21 04 00 00 00
50 31 14 00 00 00
61 23
74 9f 00 00 00
50 21 08 00 00 00
50 31 10 00 00 00
61 23
74 9f 00 00 00
30 f0 01 00 00 00
00
30 f0 00 00 00 00
00